a:0.08102487172056391
z:0.0033156611718177325
e:0.15338129251120847
r:0.0639607234789724
t:0.07656705477233597
y:0.0024803532159356303
u:0.06186393003869692
i:0.07603859463698198
o:0.05048499002744583
p:0.02777825130836501
q:0.012521095787661309
s:0.07380542438758289
d:0.03547501747327867
f:0.010569202707079662
g:0.007960996232590648
h:0.008668450929919367
j:0.006963740815874261
k:3.4094202280902134e-05
l:0.06081553331855918
m:0.024223930720580964
w:5.966485399157873e-05
x:0.0034605615315115665
c:0.032108214998039585
v:0.01845348698453828
b:0.008898586795315456
n:0.06498354954739946
é:0.0
à:0.0
ç:0.0
à:0.0
â:0.03410272583147236
ô:0.0
ö:0.0
ê:0.0
ë:0.0
