a:0.08161939411939412
z:0.0007239382239382239
e:0.12603021978021978
r:0.05049005049005049
t:0.09920738045738045
y:0.020994208494208494
u:0.032196688446688444
i:0.06975794475794476
o:0.07561441936441936
p:0.014144639144639145
q:0.0019397831897831899
s:0.060346747846747845
d:0.04579373329373329
f:0.018571799821799823
g:0.02349086724086724
h:0.06844000594000595
j:0.001355063855063855
k:0.010747698247698247
l:0.04378898128898129
m:0.019555613305613305
w:0.024836649836649835
x:0.0013736263736263737
c:0.022275022275022274
v:0.007861226611226612
b:0.01368985743985744
n:0.06515444015444015
é:0.0
à:0.0
ç:0.0
à:0.0
â:0.0
ô:0.0
ö:0.0
ê:0.0
ë:0.0
